45682 13
judging 0 0.1388888888888889 0.08333333333333333 0.2777777777777778 0.05555555555555555 0.027777777777777776 0.05555555555555555 0.027777777777777776 0 0.1388888888888889 0.05555555555555555 0 0.1388888888888889 
from 0.0018983644859813084 0.037529205607476634 0.19085864485981308 0.27234228971962615 0.06877920560747663 0.05943341121495327 0.04220210280373832 0.02175817757009346 0.013434579439252336 0.13434579439252337 0.04264018691588785 0.003796728971962617 0.11098130841121495 
previous 0.01282051282051282 0.08333333333333333 0.2692307692307692 0.2564102564102564 0.03205128205128205 0.05128205128205128 0.02564102564102564 0 0.038461538461538464 0.08333333333333333 0.038461538461538464 0 0.10897435897435898 
posts 0 0.14285714285714285 0.5714285714285714 0.14285714285714285 0 0 0 0 0 0 0 0 0.14285714285714285 
this 0.00215831219985971 0.09189014190902714 0.1270706307667404 0.2273781902552204 0.03777046349754492 0.01969459882371985 0.042842497167215235 0.012518210759186316 0.01478443856903901 0.05282469109156639 0.038741703987481786 0.006151189769600172 0.32617493120379865 
used 0.0027359781121751026 0.036935704514363885 0.18331053351573187 0.35567715458276333 0.03967168262653899 0.019151846785225718 0.047879616963064295 0.02051983584131327 0.02188782489740082 0.1012311901504788 0.027359781121751026 0.0027359781121751026 0.1409028727770178 
to 0.0021840997537923915 0.04443650226352156 0.20729092208720515 0.2541696449845127 0.0642323882138035 0.04237153522357239 0.04457549042967199 0.02255579382098324 0.011952982288936542 0.09397585576999444 0.023687554602493846 0.003375426892224605 0.18519180366928759 
be 0.0013333333333333333 0.04111111111111111 0.21455555555555555 0.2791111111111111 0.052444444444444446 0.035666666666666666 0.057777777777777775 0.025111111111111112 0.012777777777777779 0.08888888888888889 0.022 0.003111111111111111 0.1661111111111111 
a 0.0013668042492726165 0.03592935922592868 0.172190269977671 0.25153258001217943 0.08080384329115638 0.05396846877325936 0.048826036944312874 0.028161580621151636 0.010853237702144936 0.0989512145612017 0.0200690168482306 0.003559104134244536 0.19378848365924622 
good 0.00025144581342720644 0.006889615287905456 0.20261503645964293 0.40422428966557705 0.09655519235604727 0.02069399044505909 0.03791802866482273 0.01249685692733216 0.0019361327633894896 0.041337691727432735 0.003243650993210963 0.002263012320844858 0.16957505657530803 
place 0.0011086474501108647 0.07924419165140267 0.09442784151161669 0.12759086088884605 0.03084932035091102 0.015376458112407211 0.03171695748578039 0.011857707509881422 0.004482791863491757 0.024920466595970307 0.0066518847006651885 0.001976284584980237 0.5697965872939362 
, 0.07165437302423604 0.07428872497365648 0.19599578503688092 0.35563751317175973 0.0184404636459431 0.009483667017913594 0.029504741833508957 0.004214963119072708 0.026343519494204427 0.059009483667017915 0.012118018967334035 0.02845100105374078 0.1148577449947313 
but 0.0009582215408202376 0.024338827136834038 0.2088922958988118 0.34768110387121504 0.055385205059409734 0.03476427750095822 0.06968187044844767 0.02556535070908394 0.005634342660022998 0.08532004599463396 0.013760061326178612 0.00467612111920276 0.12334227673438099 
not 0.0010946907498631637 0.02928297755883963 0.20511767925561028 0.34455391351943077 0.05630815544608648 0.034824849480021895 0.06260262725779968 0.023809523809523808 0.006568144499178982 0.090311986863711 0.014367816091954023 0.0038998357963875205 0.1272577996715928 
any 0.0008179959100204499 0.04867075664621677 0.17464212678936605 0.3002044989775051 0.05685071574642127 0.04948875255623722 0.05603271983640082 0.027811860940695297 0.016768916155419224 0.09815950920245399 0.022085889570552148 0.006543967280163599 0.14192229038854806 
longer 0.0047169811320754715 0.018867924528301886 0.2028301886792453 0.3443396226415094 0.04716981132075472 0.04245283018867924 0.05660377358490566 0.02358490566037736 0 0.12264150943396226 0.018867924528301886 0.0047169811320754715 0.11320754716981132 
. 0.10879930645860425 0.12743823146944083 0.16428261811876896 0.3129605548331166 0.015604681404421327 0.011703511053315995 0.030775899436497615 0.007802340702210663 0.033810143042912875 0.054182921543129606 0.00953619419159081 0.026874729085392284 0.09622886866059818 
we 0.004666483667307164 0.03300850947021686 0.27916552292066976 0.2950864671973648 0.08735931924238265 0.042615975844084546 0.0334202580290969 0.022303046939335713 0.01056821301125446 0.09044743343398298 0.0190776832281087 0.002813615152346967 0.07946747186384848 
there 0.0033884521550555705 0.03659528327460016 0.23380319869883437 0.2618595825426945 0.058416915153158035 0.04879371103280022 0.04283003523990241 0.023448088912984548 0.009081051775548929 0.11087015451341826 0.022228246137164544 0.003659528327460016 0.14502575223637842 
were 0.0009951899154088573 0.014761983745231381 0.25626140321778074 0.3509703101675236 0.08492287278155582 0.03491457953226074 0.04652512854536407 0.03790014927848731 0.007298059379664953 0.09396251451318627 0.010947089069497429 0.0028197047603250956 0.05772101509371372 
four 0.003284072249589491 0.024630541871921183 0.15763546798029557 0.2545155993431856 0.1412151067323481 0.10016420361247948 0.042692939244663386 0.034482758620689655 0.006568144499178982 0.1297208538587849 0.022988505747126436 0.009852216748768473 0.0722495894909688 
of 0.001121881170346437 0.03596751032130677 0.14750493627714953 0.3062735595045773 0.07610841859630228 0.06367797522886376 0.05234697540836475 0.02578082929456112 0.010366182014001076 0.15194758571172143 0.022325435289894096 0.003859271225991743 0.10271943995691976 
us 0.002162496138399753 0.02255174544331171 0.41859746679023785 0.209762125424776 0.07754093296261971 0.05622489959839357 0.02162496138399753 0.016682113067655237 0.01235712079085573 0.08433734939759036 0.013592832869941304 0.0006178560395427865 0.0639481000926784 
arrived 0.004962779156327543 0.019851116625310174 0.2853598014888337 0.3399503722084367 0.10669975186104218 0.03970223325062035 0.02481389578163772 0.02729528535980149 0.01240694789081886 0.09181141439205956 0.009925558312655087 0 0.03722084367245657 
at 0.0025499362515937103 0.04521886952826179 0.21342966425839355 0.2448788780280493 0.06383340416489587 0.038844028899277516 0.08457288567785805 0.03935401614959626 0.01623459413514662 0.08448788780280493 0.03416914577135571 0.006799830004249894 0.12562685932851678 
noon 0 0.05555555555555555 0.3611111111111111 0.19444444444444445 0.027777777777777776 0 0.027777777777777776 0.027777777777777776 0 0.05555555555555555 0.027777777777777776 0 0.2222222222222222 
- 0.0032422995385958347 0.023444319740616035 0.20289312881905475 0.32634991894251153 0.07893752338196783 0.04476867439830403 0.05636613044020451 0.02830776904850979 0.008604564160119716 0.11136051876792617 0.013468013468013467 0.006110487591969073 0.09614665170220726 
the 0.0009890464784562802 0.027639475738084344 0.2250921764405092 0.3327905912748607 0.0575732701778938 0.0392725462227844 0.060378932637188146 0.023508356433511856 0.008342977097182227 0.10586834243884059 0.019155206286836934 0.003868719218451436 0.09552035955540006 
was 0.0006021006623107286 0.017104118814530694 0.3177976495774145 0.36915460607006667 0.05557166112882724 0.02490912740004014 0.03964944361438798 0.01440581584639743 0.00539660593626653 0.06681087349196084 0.008362509198760118 0.002386102624712887 0.0778493856343242 
empty 0 0.07297297297297298 0.31351351351351353 0.11081081081081082 0.12702702702702703 0.05675675675675676 0.010810810810810811 0.010810810810810811 0.04594594594594595 0.05675675675675676 0.03783783783783784 0 0.15675675675675677 
and 0.0010748290260907613 0.022381174322049214 0.24446177698724472 0.3125564760826762 0.07426783217448375 0.043953848934207146 0.052143475407341176 0.026204902361770328 0.006829444608258111 0.09406180742488086 0.014124965519865314 0.00297718128465848 0.1049622858664739 
staff 0.0001271940981938438 0.005087763927753753 0.8062833884507759 0.06499618417705419 0.023912490460442637 0.01475451539048588 0.011829051132027474 0.0053421521241414395 0.003815822945815314 0.014500127194098194 0.003434240651233783 0.0007631645891630628 0.04515390485881455 
acted 0 0 0.5263157894736842 0.21052631578947367 0.10526315789473684 0.10526315789473684 0 0 0 0.05263157894736842 0 0 0 
like 0.0007498125468632841 0.04598850287428143 0.1664583854036491 0.30492376905773555 0.06060984753811547 0.045238690327418146 0.05448637840539865 0.025243689077730568 0.010497375656085979 0.10284928767808048 0.018370407398150462 0.003749062734316421 0.16083479130217446 
imposing 0 0 1.0 0 0 0 0 0 0 0 0 0 0 
on 0.002313716184148078 0.030018984337921214 0.1763763644992881 0.25984812529663026 0.07030137636449929 0.06597057427622212 0.048054105363075465 0.032866635026103465 0.011034646416706217 0.16818936877076412 0.02331514000949217 0.0029069767441860465 0.10880398671096346 
them 0.0008771929824561404 0.03640350877192983 0.27280701754385966 0.32149122807017544 0.060087719298245613 0.035964912280701755 0.033771929824561404 0.02017543859649123 0.007894736842105263 0.09649122807017543 0.014473684210526316 0.0008771929824561404 0.09868421052631579 
they 0.000390625 0.0169921875 0.22734375 0.2564453125 0.08802083333333334 0.09075520833333334 0.04934895833333333 0.036848958333333334 0.006380208333333333 0.128515625 0.011197916666666667 0.0020833333333333333 0.08567708333333333 
very 0.0003879577901924271 0.0148975791433892 0.3605679702048417 0.2987274984481688 0.05788330229671012 0.029717566728739913 0.052529484792054625 0.01963066418373681 0.004345127250155183 0.06378026070763501 0.009388578522656735 0.0027157045313469896 0.08542830540037244 
rude 0 0.006756756756756757 0.8614864864864865 0.052364864864864864 0.006756756756756757 0.005067567567567568 0.02027027027027027 0.010135135135135136 0.005067567567567568 0.006756756756756757 0.0033783783783783786 0.0016891891891891893 0.02027027027027027 
never 0.002331002331002331 0.04055944055944056 0.3034965034965035 0.27925407925407925 0.06666666666666667 0.037296037296037296 0.032167832167832165 0.013053613053613054 0.011655011655011656 0.07272727272727272 0.01724941724941725 0.002797202797202797 0.12074592074592075 
brought 0 0.02276707530647986 0.3397548161120841 0.30823117338003503 0.08756567425569177 0.0647985989492119 0.021015761821366025 0.008756567425569177 0.0017513134851138354 0.07880910683012259 0.0035026269702276708 0 0.06304728546409807 
complimentary 0 0.02127659574468085 0.3333333333333333 0.28368794326241137 0.11347517730496454 0.0425531914893617 0.0425531914893617 0.03546099290780142 0.0070921985815602835 0.0851063829787234 0.0070921985815602835 0.0070921985815602835 0.02127659574468085 
noodles 0 0.01366742596810934 0.07061503416856492 0.5899772209567198 0.022779043280182234 0.009111617312072893 0.029612756264236904 0.002277904328018223 0.002277904328018223 0.22095671981776766 0.004555808656036446 0 0.03416856492027335 
ignored 0 0.03278688524590164 0.36065573770491804 0.11475409836065574 0.04918032786885246 0.11475409836065574 0.01639344262295082 0.04918032786885246 0 0.19672131147540983 0.01639344262295082 0 0.04918032786885246 
repeated 0 0 0.38461538461538464 0.46153846153846156 0 0 0 0 0 0.07692307692307693 0 0 0.07692307692307693 
requests 0 0 0.4897959183673469 0.20408163265306123 0.061224489795918366 0.02040816326530612 0 0 0 0.12244897959183673 0.02040816326530612 0 0.08163265306122448 
for 0.00198583438141259 0.028893890249553186 0.16297080823459323 0.27639504865294234 0.07579267889058053 0.03855828423909446 0.09631296749851062 0.03865757595816509 0.009399616072019593 0.08757529622029522 0.015489508175018204 0.004898391474151055 0.16307009995366387 
sugar 0 0.015037593984962405 0.18796992481203006 0.3533834586466165 0.14285714285714285 0.03759398496240601 0.007518796992481203 0.007518796992481203 0 0.12030075187969924 0.007518796992481203 0 0.12030075187969924 
threw 0 0 0.2549019607843137 0.37254901960784315 0.0392156862745098 0.0196078431372549 0.0784313725490196 0.058823529411764705 0 0.0784313725490196 0 0 0.09803921568627451 
our 0.0021511544528897177 0.02323246809120895 0.40771547397103114 0.22916965438118456 0.10454610641044026 0.053348630431664996 0.020651082747741287 0.015488312060805965 0.010755772264448587 0.06984081457048616 0.013480567904775562 0.0030116162340456045 0.04660834647927721 
dishes 0.00031377470975839345 0.009727016002510198 0.05647944775651083 0.5032946344524631 0.016002510197678066 0.011295889551302165 0.06557891433950423 0.0025101976780671476 0.0037652965171007216 0.2987135236899906 0.0015688735487919673 0.004392845936617509 0.026357075619705052 
table 0.002523659305993691 0.032176656151419555 0.34574132492113563 0.2586750788643533 0.07949526813880126 0.049842271293375394 0.019558359621451103 0.014511041009463722 0.015141955835962145 0.07823343848580441 0.017665615141955835 0 0.08643533123028391 
food 0.00042589437819420784 0.011845187393526406 0.12739565587734242 0.4812074105621806 0.03204855195911414 0.014240843270868825 0.12428130323679727 0.010673977853492334 0.0031143526405451446 0.11209007666098808 0.005403534923339012 0.006521507666098807 0.07075170357751277 
lousy 0 0 0.3559322033898305 0.1864406779661017 0.05084745762711865 0 0.13559322033898305 0.03389830508474576 0 0.06779661016949153 0.06779661016949153 0 0.1016949152542373 
too 0.0011595547309833025 0.017393320964749538 0.21219851576994433 0.34067717996289426 0.06377551020408163 0.0387291280148423 0.0686456400742115 0.0287569573283859 0.00463821892393321 0.0862708719851577 0.015769944341372914 0.00463821892393321 0.11734693877551021 
sweet 0 0.006194690265486726 0.17256637168141592 0.4663716814159292 0.1079646017699115 0.03008849557522124 0.021238938053097345 0.010619469026548672 0.002654867256637168 0.1088495575221239 0.0035398230088495575 0.0008849557522123894 0.06902654867256637 
or 0.0010090817356205853 0.028128153380423813 0.16347124117053483 0.26955095862764883 0.07605953582240162 0.045787083753784055 0.053733602421796166 0.026109989909182642 0.010090817356205853 0.11440464177598385 0.01437941473259334 0.0041624621594349145 0.1931130171543895 
salty 0 0 0.13865546218487396 0.6554621848739496 0.025210084033613446 0 0.025210084033613446 0 0.004201680672268907 0.09663865546218488 0.004201680672268907 0.004201680672268907 0.046218487394957986 
portions 0 0.005250875145857643 0.08343057176196032 0.21703617269544925 0.012835472578763127 0.008168028004667444 0.11260210035005834 0.012252042007001166 0.002333722287047841 0.5070011668611435 0.0011668611435239206 0.004084014002333722 0.0338389731621937 
tiny 0 0.051094890510948905 0.12043795620437957 0.3029197080291971 0.06204379562043796 0.025547445255474453 0.07664233576642336 0.0364963503649635 0.021897810218978103 0.16423357664233576 0.032846715328467155 0 0.10583941605839416 
after 0.002328288707799767 0.041133100504462554 0.22933643771827705 0.2572759022118743 0.0946837407838572 0.04540162980209546 0.0306558013193636 0.02716336825766395 0.01241753977493209 0.08265424912689173 0.026387272021730693 0.002328288707799767 0.14823438106325185 
all 0.0009742368478025547 0.030742584975102835 0.201991773111063 0.32160640831348775 0.06722234249837628 0.032799307209352674 0.05531500324745616 0.027062134661182072 0.006386663780038969 0.0952587140073609 0.01526304394890669 0.0027062134661182072 0.1426715739337519 
that 0.000814000814000814 0.04386559942115498 0.18884818884818885 0.3095011983900873 0.0638990638990639 0.03911726133948356 0.055487722154388824 0.02432957988513544 0.011712567268122824 0.10084565640121196 0.019400352733686066 0.005019671686338353 0.13715913715913716 
complained 0 0 0.3191489361702128 0.3404255319148936 0.02127659574468085 0.02127659574468085 0.1276595744680851 0.0425531914893617 0 0.0851063829787234 0 0 0.0425531914893617 
me 0.001779042874933286 0.04287493328589219 0.25226827966553994 0.2981675858388187 0.06831524639743818 0.037537804661092335 0.04376445472335883 0.02010318448674613 0.009606831524639745 0.09073118662159758 0.017968333036826187 0.003558085749866572 0.1133250311332503 
about 0.0016195789094835343 0.03581068922080259 0.22530142163037611 0.25463379521324453 0.0644232499550117 0.0503868994061544 0.04948713334533021 0.02897246715853878 0.00881770739607702 0.09393557675004499 0.01835522764081339 0.004498830304120929 0.1637574230700018 
small 0.0004623208506703652 0.039297272306981046 0.130374479889043 0.2311604253351826 0.05501618122977346 0.06241331484049931 0.07397133610725844 0.032362459546925564 0.012482662968099861 0.21266759130836801 0.019879796578825704 0.006472491909385114 0.12343966712898752 
tip 0 0.018461538461538463 0.3076923076923077 0.20923076923076922 0.18461538461538463 0.021538461538461538 0.07384615384615385 0.10153846153846154 0.009230769230769232 0.021538461538461538 0.009230769230769232 0.003076923076923077 0.04 
avoid 0 0.08955223880597014 0.15671641791044777 0.291044776119403 0.04477611940298507 0.014925373134328358 0.05223880597014925 0.014925373134328358 0.029850746268656716 0.06716417910447761 0.007462686567164179 0.007462686567164179 0.22388059701492538 
! 0.051094890510948905 0.23114355231143552 0.18004866180048662 0.2798053527980535 0.0340632603406326 0.009732360097323601 0.024330900243309004 0.0072992700729927005 0.0340632603406326 0.0267639902676399 0.009732360097323601 0.0413625304136253 0.0705596107055961 
i 0.0029608443441830486 0.047695778279084756 0.2007130196583951 0.3314735739606832 0.0638293586851434 0.03645665485014502 0.046688688366097325 0.02000080567193039 0.009325652594263616 0.09212858524009024 0.017885916854656785 0.0035852400902352563 0.12725588140509184 
have 0.0019972537760579202 0.031706403694919484 0.1937336162776183 0.26719510672824864 0.08145050555486207 0.078517039071277 0.045250280863812255 0.028398452128323554 0.008800399450755211 0.11103482711272002 0.015978030208463362 0.0031831232055923105 0.1327549619273499 
eaten 0.02107728337236534 0.07962529274004684 0.10772833723653395 0.4238875878220141 0.02107728337236534 0.02107728337236534 0.04449648711943794 0.0117096018735363 0.01873536299765808 0.10772833723653395 0.03044496487119438 0.00468384074941452 0.10772833723653395 
saul 0 0.4 0 0.4 0 0 0 0 0 0 0.2 0 0 
many 0.005397448478900883 0.06084396467124632 0.1589793915603533 0.24288518155053976 0.05103042198233562 0.047105004906771344 0.053974484789008834 0.016683022571148183 0.01815505397448479 0.12463199214916584 0.028949950932286556 0.007360157016683023 0.18400392541707555 
times 0.003883495145631068 0.040776699029126215 0.3482200647249191 0.2841423948220065 0.04983818770226537 0.02330097087378641 0.04271844660194175 0.013592233009708738 0.012944983818770227 0.05954692556634304 0.018770226537216828 0.0025889967637540453 0.09967637540453074 
is 0.0010116337885685382 0.03007311353290109 0.2203752241688509 0.2848208948360693 0.04839748011219938 0.03821216719547524 0.0700786315353842 0.020600542603577503 0.00800110360049662 0.08164344507288361 0.02455511104979997 0.004161493539338759 0.16806915896445487 
always 0.00020153164046755341 0.019145505844417574 0.4212011285771866 0.264006449012495 0.04856912535268037 0.021362353889560662 0.03345425231761386 0.01713018943974204 0.005642885933091495 0.05582426440951229 0.008464328899637243 0.0012091898428053204 0.10378879484079001 
consistently 0 0.006342494714587738 0.3023255813953488 0.4312896405919662 0.035940803382663845 0.008456659619450317 0.042283298097251586 0.004228329809725159 0.004228329809725159 0.048625792811839326 0.0021141649048625794 0 0.11416490486257928 
outrageously 0 0 0.11764705882352941 0.17647058823529413 0.029411764705882353 0.058823529411764705 0.2647058823529412 0.08823529411764706 0 0.08823529411764706 0 0 0.17647058823529413 
best 0.0023734177215189874 0.04430379746835443 0.14715189873417722 0.36194620253164556 0.051819620253164556 0.045490506329113924 0.06526898734177215 0.01740506329113924 0.013449367088607595 0.10640822784810126 0.0446993670886076 0.003955696202531646 0.09572784810126582 
restaurant 0.003300783936184844 0.3293907302984459 0.11043872919818457 0.13395681474350157 0.014853527712831797 0.011415211112639252 0.029982120753679 0.006464035208361986 0.08912116627699078 0.04125979920231055 0.14454682987209463 0.03080731673772521 0.05446293494704992 
smith 0 0.26666666666666666 0.06666666666666667 0.2 0 0.13333333333333333 0 0 0 0.13333333333333333 0 0 0.2 
street 0.01699029126213592 0.0703883495145631 0.10922330097087378 0.22815533980582525 0.06553398058252427 0.024271844660194174 0.07281553398058252 0.019417475728155338 0.024271844660194174 0.07281553398058252 0.1407766990291262 0.0024271844660194173 0.1529126213592233 
in 0.002929360562437228 0.05636926682289923 0.17835621024439235 0.28707733511884836 0.058294275192500834 0.035403414797455644 0.04808336123200536 0.0214680281218614 0.015483762972882491 0.08675092065617676 0.04527954469367258 0.004896216940073653 0.15960830264479411 
brooklyn 0.07692307692307693 0.23076923076923078 0.11538461538461539 0.4230769230769231 0 0 0.038461538461538464 0 0 0 0.038461538461538464 0 0.07692307692307693 
duck 0 0.013043478260869565 0.1391304347826087 0.41739130434782606 0.0782608695652174 0.043478260869565216 0.030434782608695653 0.013043478260869565 0 0.18695652173913044 0.013043478260869565 0.004347826086956522 0.06086956521739131 
confit 0 0 0.13513513513513514 0.3783783783783784 0.13513513513513514 0.08108108108108109 0 0 0 0.1891891891891892 0 0 0.08108108108108109 
amazing 0 0.008759124087591242 0.08875912408759123 0.5962043795620438 0.1337226277372263 0.030364963503649634 0.03532846715328467 0.01197080291970803 0.0020437956204379564 0.0472992700729927 0.004671532846715329 0.00145985401459854 0.03941605839416058 
foie 0 0.04477611940298507 0.1044776119402985 0.373134328358209 0.13432835820895522 0.05970149253731343 0.014925373134328358 0 0.04477611940298507 0.14925373134328357 0.014925373134328358 0 0.05970149253731343 
gras 0 0.041666666666666664 0.125 0.3888888888888889 0.08333333333333333 0.06944444444444445 0.027777777777777776 0 0.041666666666666664 0.1388888888888889 0.013888888888888888 0 0.06944444444444445 
terrine 0 0 0 1.0 0 0 0 0 0 0 0 0 0 
with 0.0012245790509512356 0.021911218018806036 0.18412420730373935 0.34655587141919963 0.08121583205773016 0.046009184342882134 0.04045484364749617 0.022304832713754646 0.00795976383118303 0.11944019243385086 0.011808440848458342 0.0026678329324294776 0.11432320139951892 
figs 0 0 0.058823529411764705 0.5882352941176471 0.17647058823529413 0 0 0 0.058823529411764705 0.11764705882352941 0 0 0 
out 0.0019016968987712111 0.03847279110590989 0.2157694558221182 0.2836454066705676 0.0665593914569924 0.03759508484493856 0.03627852545348157 0.02267407840842598 0.01023990637799883 0.08191925102399064 0.019163253364540667 0.0023405500292568754 0.18344060854300762 
world 0.005479452054794521 0.043835616438356165 0.14246575342465753 0.33972602739726027 0.07671232876712329 0.07397260273972603 0.038356164383561646 0.030136986301369864 0.0027397260273972603 0.08767123287671233 0.0273972602739726 0 0.13150684931506848 
wine 0.0004984216647283602 0.004319654427645789 0.06213656753613557 0.07276956305034059 0.2955640471839176 0.34208340255856456 0.015949493271307527 0.10998504735005815 0.0018275461040039873 0.05067286924738328 0.003987373317826882 0.0009968433294567204 0.039209170958631 
list 0.0007968127490039841 0.0199203187250996 0.04820717131474104 0.05657370517928287 0.11633466135458168 0.43824701195219123 0.014741035856573706 0.05139442231075697 0.0031872509960159364 0.19362549800796813 0.017131474103585658 0.001195219123505976 0.03864541832669323 
interesting 0 0.027923211169284468 0.10471204188481675 0.26352530541012215 0.08202443280977312 0.15357766143106458 0.04013961605584642 0.04363001745200698 0.0034904013961605585 0.16404886561954624 0.010471204188481676 0 0.10645724258289703 
has 0.0005612722170252573 0.037418147801683815 0.21122544434050514 0.2550046772684752 0.048456501403180544 0.05332086061739944 0.041534144059869035 0.017399438727782976 0.011599625818521983 0.10252572497661366 0.023199251637043967 0.0037418147801683817 0.19401309635173059 
values 0.047619047619047616 0 0.14285714285714285 0.23809523809523808 0.09523809523809523 0.14285714285714285 0.09523809523809523 0.047619047619047616 0 0.14285714285714285 0 0 0.047619047619047616 
price 0.0006954102920723226 0.007185906351414001 0.07719054242002782 0.1798794622160408 0.04381084840055633 0.02364394993045897 0.3903569772832638 0.14348632359758925 0.003013444598980065 0.05516921650440427 0.00440426518312471 0.017848864163189614 0.05331478905887807 
you 0.0015469233413544173 0.03174057522630916 0.19158932049959895 0.267273977311791 0.06812192047668156 0.04004812650395325 0.08164317634926091 0.03386043313853558 0.0089377793056033 0.0982009854474619 0.01690156984072419 0.0038959550819296436 0.15623925747679615 
cannot 0 0.04979253112033195 0.22821576763485477 0.2946058091286307 0.07883817427385892 0.03319502074688797 0.05394190871369295 0.03734439834024896 0.008298755186721992 0.07053941908713693 0.02074688796680498 0.008298755186721992 0.11618257261410789 
eat 0.0038535645472061657 0.051541425818882464 0.11368015414258188 0.3371868978805395 0.04672447013487476 0.016377649325626204 0.06021194605009634 0.01348747591522158 0.010597302504816955 0.11801541425818883 0.013969171483622351 0.004816955684007707 0.20953757225433525 
well 0.0004926108374384236 0.02167487684729064 0.18596059113300492 0.33325123152709357 0.08719211822660099 0.061822660098522164 0.05443349753694581 0.04113300492610837 0.007142857142857143 0.10541871921182266 0.010591133004926109 0.0034482758620689655 0.0874384236453202 
manhattan 0.05454545454545454 0.09090909090909091 0.18181818181818182 0.12727272727272726 0.09090909090909091 0.01818181818181818 0.09090909090909091 0.03636363636363636 0.01818181818181818 0.03636363636363636 0.05454545454545454 0.05454545454545454 0.14545454545454545 
disappointed 0 0.04408352668213457 0.16473317865429235 0.33874709976798145 0.03248259860788863 0.058004640371229696 0.05336426914153132 0.0069605568445475635 0.016241299303944315 0.16009280742459397 0.009280742459396751 0.004640371229698376 0.11136890951276102 
ive 0.045454545454545456 0.045454545454545456 0.22727272727272727 0.30303030303030304 0.030303030303030304 0.045454545454545456 0.015151515151515152 0 0.015151515151515152 0.09090909090909091 0 0 0.18181818181818182 
asked 0.005082592121982211 0.01397712833545108 0.3392630241423126 0.20584498094027953 0.09783989834815757 0.1156289707750953 0.010165184243964422 0.020330368487928845 0.007623888182973317 0.12706480304955528 0.016518424396442185 0 0.04066073697585769 
cart 0 0 0.24615384615384617 0.2923076923076923 0.06153846153846154 0.06153846153846154 0.015384615384615385 0.06153846153846154 0 0.16923076923076924 0 0 0.09230769230769231 
attendant 0 0 0.5454545454545454 0 0.09090909090909091 0 0 0 0.09090909090909091 0 0.09090909090909091 0 0.18181818181818182 
lotus 0 0 0.18181818181818182 0.6363636363636364 0 0 0 0 0 0.18181818181818182 0 0 0 
leaf 0 0 0.08196721311475409 0.26229508196721313 0.18032786885245902 0.13114754098360656 0 0.01639344262295082 0 0.14754098360655737 0.03278688524590164 0 0.14754098360655737 
wrapped 0 0.0070921985815602835 0.1276595744680851 0.6382978723404256 0.05673758865248227 0.02127659574468085 0.02127659574468085 0 0 0.10638297872340426 0 0 0.02127659574468085 
rice 0.0014064697609001407 0.007032348804500703 0.0850914205344585 0.5436005625879043 0.02109704641350211 0.008438818565400843 0.04430379746835443 0.009142053445850914 0.004922644163150493 0.23136427566807313 0.0035161744022503515 0.0014064697609001407 0.03867791842475387 
she 0.002171552660152009 0.017915309446254073 0.4234527687296417 0.22366992399565688 0.0988056460369164 0.05808903365906623 0.01248642779587405 0.016829533116178068 0.008686210640608035 0.07546145494028231 0.00760043431053203 0 0.054831704668838216 
replied 0.10526315789473684 0 0.3157894736842105 0.3157894736842105 0.05263157894736842 0.05263157894736842 0 0 0 0.15789473684210525 0 0 0 
back 0.0008944543828264759 0.044722719141323794 0.22510435301132975 0.2898032200357782 0.06380441264162194 0.04531902206320811 0.043231961836613 0.018187239117471676 0.008348240906380441 0.07543231961836613 0.017590936195587357 0.0029815146094215863 0.16457960644007155 
just 0.002168609379235565 0.029411764705882353 0.1953103822174031 0.33938736785036594 0.0653293575494714 0.03171591217132014 0.055977229601518026 0.017077798861480076 0.00623475196530225 0.08837083220384928 0.016942260775277853 0.0033884521550555705 0.14868528056383845 
walked 0.003436426116838488 0.06529209621993128 0.32646048109965636 0.17869415807560138 0.07560137457044673 0.048109965635738834 0.03436426116838488 0.024054982817869417 0.027491408934707903 0.044673539518900345 0.041237113402061855 0 0.13058419243986255 
away 0.0031512605042016808 0.045168067226890755 0.20693277310924368 0.2689075630252101 0.06932773109243698 0.04201680672268908 0.03361344537815126 0.015756302521008403 0.01365546218487395 0.08088235294117647 0.059873949579831935 0.005252100840336135 0.15546218487394958 
had 0.001463057790782736 0.022108428838494676 0.2064537104771194 0.4012029586279769 0.08266276517922458 0.03990896529301796 0.02909859383890108 0.01584979273347964 0.005445826221246851 0.09631797122653012 0.012435991221653255 0.0018694627326668292 0.08518247581890596 
ask 0.0028089887640449437 0.021067415730337078 0.31741573033707865 0.24157303370786518 0.10955056179775281 0.08146067415730338 0.023876404494382022 0.014044943820224719 0.009831460674157303 0.10533707865168539 0.009831460674157303 0.0014044943820224719 0.06179775280898876 
her 0.0019569471624266144 0.03424657534246575 0.3913894324853229 0.23972602739726026 0.08904109589041095 0.03913894324853229 0.02054794520547945 0.011741682974559686 0.007827788649706457 0.0684931506849315 0.0136986301369863 0 0.0821917808219178 
three 0.0013089005235602095 0.0274869109947644 0.1793193717277487 0.30497382198952877 0.10732984293193717 0.041884816753926704 0.05366492146596859 0.034031413612565446 0.015706806282722512 0.13219895287958114 0.024869109947643978 0.006544502617801047 0.07068062827225131 
before 0.0024691358024691358 0.03333333333333333 0.23148148148148148 0.2808641975308642 0.09320987654320988 0.04197530864197531 0.029012345679012345 0.03271604938271605 0.009259259259259259 0.08395061728395062 0.020987654320987655 0.0012345679012345679 0.13950617283950617 
finally 0.010482180293501049 0.05450733752620545 0.20335429769392033 0.29350104821802936 0.07547169811320754 0.0649895178197065 0.020964360587002098 0.010482180293501049 0.016771488469601678 0.0649895178197065 0.03773584905660377 0.0020964360587002098 0.14465408805031446 
came 0.0019559902200488996 0.0117359413202934 0.28508557457212713 0.3833740831295844 0.07872860635696821 0.030317848410757946 0.029339853300733496 0.021026894865525673 0.004889975550122249 0.10415647921760392 0.006845965770171149 0.0004889975550122249 0.042053789731051346 
dish 0.0007077140835102619 0.0031847133757961785 0.058386411889596604 0.6539278131634819 0.010969568294409059 0.004246284501061571 0.04104741684359519 0.0021231422505307855 0.0024769992922859165 0.20877565463552725 0.0010615711252653928 0 0.013092710544939844 
requested 0.019230769230769232 0.057692307692307696 0.28846153846153844 0.36538461538461536 0.07692307692307693 0.038461538461538464 0.038461538461538464 0 0.019230769230769232 0.07692307692307693 0 0 0.019230769230769232 
okay 0.002188183807439825 0.015317286652078774 0.24945295404814005 0.3785557986870897 0.03938730853391685 0.03938730853391685 0.1137855579868709 0.0087527352297593 0.002188183807439825 0.06564551422319474 0.006564551422319475 0.006564551422319475 0.07221006564551423 
nothing 0.000856898029134533 0.022279348757497857 0.20479862896315337 0.37017994858611825 0.04113110539845758 0.04113110539845758 0.0676949443016281 0.016281062553556127 0.00856898029134533 0.08826049700085689 0.010282776349614395 0.005141388174807198 0.12339331619537275 
great 0.0003234750462107209 0.013077634011090572 0.31520332717190386 0.13438077634011092 0.03895563770794824 0.037939001848428834 0.0428373382624769 0.017051756007393715 0.0031885397412199632 0.04755083179297597 0.00688539741219963 0.002356746765249538 0.3402495378927911 
chow 0 0 0.05714285714285714 0.580952380952381 0.01904761904761905 0.02857142857142857 0.02857142857142857 0 0.009523809523809525 0.19047619047619047 0.009523809523809525 0 0.0761904761904762 
fun 0 0.02700617283950617 0.21450617283950618 0.20601851851851852 0.09104938271604938 0.05246913580246913 0.033179012345679014 0.03009259259259259 0.006172839506172839 0.05864197530864197 0.006944444444444444 0.0030864197530864196 0.2708333333333333 
dry 0 0.004310344827586207 0.10344827586206896 0.6530172413793104 0.040948275862068964 0.010775862068965518 0.03879310344827586 0.008620689655172414 0.0021551724137931034 0.09051724137931035 0.004310344827586207 0 0.04310344827586207 
; 0.01818181818181818 0.05454545454545454 0.20909090909090908 0.2818181818181818 0.05454545454545454 0.02727272727272727 0.045454545454545456 0.02727272727272727 0.00909090909090909 0.07272727272727272 0.01818181818181818 0.01818181818181818 0.16363636363636364 
pork 0.000966183574879227 0.011594202898550725 0.1178743961352657 0.5458937198067633 0.03961352657004831 0.00966183574879227 0.025120772946859903 0.001932367149758454 0.002898550724637681 0.19130434782608696 0.012560386473429951 0.005797101449275362 0.034782608695652174 
shu 0 0 0.06666666666666667 0.7333333333333333 0 0 0 0 0.06666666666666667 0.06666666666666667 0 0 0.06666666666666667 
mai 0 0 0.07407407407407407 0.2962962962962963 0.2962962962962963 0.1111111111111111 0 0 0.07407407407407407 0.1111111111111111 0 0 0.037037037037037035 
more 0.003132832080200501 0.03863826232247285 0.16541353383458646 0.3084795321637427 0.05639097744360902 0.04427736006683375 0.091687552213868 0.031746031746031744 0.01023391812865497 0.1251044277360067 0.017752715121136173 0.005012531328320802 0.10213032581453634 
than 0.004081632653061225 0.03520408163265306 0.1691326530612245 0.30994897959183676 0.05102040816326531 0.030357142857142857 0.11326530612244898 0.03494897959183674 0.015051020408163265 0.1048469387755102 0.02040816326530612 0.00586734693877551 0.10586734693877552 
usually 0.0015094339622641509 0.03245283018867925 0.2739622641509434 0.2943396226415094 0.06792452830188679 0.02490566037735849 0.05132075471698113 0.038490566037735846 0.012830188679245283 0.07622641509433963 0.009056603773584906 0.006792452830188679 0.11018867924528301 
greasy 0 0.017948717948717947 0.07948717948717948 0.6025641025641025 0.028205128205128206 0.005128205128205128 0.07179487179487179 0.005128205128205128 0.002564102564102564 0.09487179487179487 0.01282051282051282 0.002564102564102564 0.07692307692307693 
share 0.008928571428571428 0.02976190476190476 0.15178571428571427 0.3541666666666667 0.08928571428571429 0.023809523809523808 0.03273809523809524 0.01488095238095238 0.002976190476190476 0.18452380952380953 0.017857142857142856 0 0.08928571428571429 
loud 0 0.03819444444444445 0.22916666666666666 0.1597222222222222 0.06944444444444445 0.034722222222222224 0.04513888888888889 0.027777777777777776 0.03125 0.05555555555555555 0.017361111111111112 0.006944444444444444 0.2847222222222222 
family 0.004357298474945534 0.10457516339869281 0.18191721132897604 0.2298474945533769 0.027233115468409588 0.0054466230936819175 0.046840958605664486 0.010893246187363835 0.02178649237472767 0.054466230936819175 0.027233115468409588 0.008714596949891068 0.2766884531590414 
/ 0.02912621359223301 0.019417475728155338 0.1941747572815534 0.2961165048543689 0.04854368932038835 0.04854368932038835 0.043689320388349516 0.024271844660194174 0.0048543689320388345 0.12135922330097088 0.03398058252427184 0.014563106796116505 0.12135922330097088 
will 0.001451378809869376 0.04847605224963716 0.21828737300435413 0.28940493468795353 0.05428156748911466 0.03715529753265602 0.056894049346879534 0.02119013062409289 0.010740203193033381 0.09550072568940493 0.022060957910014514 0.0049346879535558785 0.13962264150943396 
go 0.0034931108092373375 0.04133514457597516 0.16281777605278477 0.25247428682320977 0.07413157384048127 0.04094702115272657 0.05530758781292451 0.02678051620415292 0.012808072967203571 0.0673394139336309 0.01727149233456239 0.003299049097613041 0.24199495439549776 
again 0.000655307994757536 0.05045871559633028 0.24836173001310616 0.3106159895150721 0.061598951507208385 0.02948885976408912 0.055701179554390565 0.020969855832241154 0.00655307994757536 0.0799475753604194 0.022280471821756225 0.003931847968545216 0.10943643512450851 
went 0.015606242496998799 0.03841536614645858 0.2503001200480192 0.28811524609843936 0.07623049219687875 0.042617046818727494 0.03361344537815126 0.01800720288115246 0.009603841536614645 0.08643457382953182 0.021608643457382955 0.0024009603841536613 0.117046818727491 
3 0.002583979328165375 0.03186907838070629 0.2058570198105082 0.31266149870801035 0.07062876830318691 0.029285099052540915 0.06632213608957795 0.03789836347975883 0.006029285099052541 0.13178294573643412 0.02239448751076658 0.004306632213608958 0.07838070628768304 
day 0.00382262996941896 0.024464831804281346 0.23394495412844038 0.26758409785932724 0.07186544342507645 0.03669724770642202 0.03211009174311927 0.03134556574923547 0.012996941896024464 0.08792048929663608 0.01834862385321101 0 0.17889908256880735 
oyster 0.02857142857142857 0.02857142857142857 0.14285714285714285 0.37142857142857144 0.05714285714285714 0.05714285714285714 0 0 0 0.2571428571428571 0 0 0.05714285714285714 
binge 0 0.5 0 0 0 0 0 0 0 0 0 0 0.5 
fish 0.0016604400166044002 0.005811540058115401 0.053549190535491904 0.5985886259858862 0.020755500207555 0.006641760066417601 0.06434205064342051 0.0033208800332088003 0.0024906600249066002 0.20755500207555003 0.0033208800332088003 0.0033208800332088003 0.028642590286425903 
bringing 0 0.07216494845360824 0.3711340206185567 0.2268041237113402 0.08247422680412371 0.030927835051546393 0.020618556701030927 0.041237113402061855 0.030927835051546393 0.041237113402061855 0.010309278350515464 0 0.07216494845360824 
up 0.001218026796589525 0.0341047503045067 0.22817701989443767 0.27608607389362566 0.07693869265123833 0.033698741372310194 0.05075111652456354 0.028217620787657327 0.011571254567600487 0.09480308566788469 0.02151847340641494 0.0036540803897685747 0.13926106374340236 
closing 0 0.07142857142857142 0.35714285714285715 0.21428571428571427 0.04285714285714286 0.04285714285714286 0.02857142857142857 0 0.014285714285714285 0.05714285714285714 0.02857142857142857 0 0.14285714285714285 
am 0.004632310364794441 0.05848291835552982 0.1679212507237985 0.3236826867400116 0.05327156919513607 0.03532136653155762 0.05037637521713955 0.021424435437174292 0.013896931094383324 0.09264620729588882 0.019687319050376375 0.006369426751592357 0.15228720324261724 
so 0.0013880454584887655 0.030884011451375034 0.2295480176975796 0.3089268673549059 0.062028281426216705 0.030537000086752843 0.04754055695324022 0.022989502906220177 0.009716318209421359 0.09117723605448079 0.023596772794309013 0.0034701136462219136 0.1381972759607877 
glad 0 0.052083333333333336 0.15104166666666666 0.2916666666666667 0.046875 0.041666666666666664 0.0625 0.010416666666666666 0.020833333333333332 0.109375 0.052083333333333336 0.010416666666666666 0.15104166666666666 
it 0.0019634263715110683 0.03314725697786333 0.19726660250240616 0.36323387872954765 0.058556304138594806 0.024793070259865255 0.05551491819056786 0.01971126082771896 0.009432146294513956 0.07984600577478344 0.017362848893166506 0.004003849855630414 0.1351684311838306 
o 0 0.018867924528301886 0.22641509433962265 0.2641509433962264 0.07547169811320754 0.03773584905660377 0.03773584905660377 0.018867924528301886 0 0.1509433962264151 0.018867924528301886 0 0.1509433962264151 
